THERMO ALL
  300.000  1000.000  5000.000
H                 L.6.94H   1               G     200.0    6000.0  1000.0      1
          2.5E0          0.0E0          0.0E0          0.0E0          0.0E0    2
     2.547366E4  -4.4668285E-1          2.5E0 5.48006725E-16-1.59937425E-18    3
 1.86302021E-21-7.34579718E-25     2.547366E4  -4.4668285E-1                   4
HE                G 5/97HE 1    0    0    0 G  200.0000 6000.0000 1000.00      1
 2.50000000E+00 0.00000000E+00 0.00000000E+00 0.00000000E+00 0.00000000E+00    2
-7.45375000E+02 9.28723974E-01 2.50000000E+00 5.48006725E-16-1.59937425E-18    3
 1.86302021E-21-7.34579718E-25-7.45375000E+02 9.28723974E-01                   4
H2                TPIS78H   2               G     200.0    6000.0  1000.0      1
   2.93286575E0  8.26608026E-4 -1.46402364E-7 1.54100414E-11  -6.888048E-16    2
  -8.16748424E2  -1.02830684E0   2.72113605E0  4.79214245E-3 -1.01482243E-5    3
  8.96936949E-9-2.70663102E-12  -9.51146702E2 -8.38520919E-1                   4
O                 L.1.90O   1               G     200.0    6000.0  1000.0      1
   2.54363697E0 -2.73162486E-5  -4.1902952E-9 4.95481845E-12-4.79553694E-16    2
   2.92266155E4   4.92294637E0   3.10652772E0 -2.75690396E-3  5.11435812E-6    3
 -4.29494187E-9 1.34756569E-12   2.91277009E4   2.30123591E0                   4
OH                IU3.03H   1O   1          G     200.0    6000.0  1000.0      1
   2.83853033E0  1.10741289E-3 -2.94000209E-7 4.20698729E-11 -2.4228989E-15    2
   3.69788084E3    5.8450251E0   3.98454038E0 -2.33807954E-3  4.43232593E-6    3
 -3.65814533E-9 1.27094854E-12   3.36955446E3 -7.39403338E-2                   4
OHV               121286H   1O   1          G     300.0    5000.0  1000.0      1
      2.88273E0   1.0139743E-3   -2.276877E-7   2.174683E-11  -5.126305E-16    2
   5.03014063E4   5.59571605E0   3.63725927E0  1.85145041E-4 -1.67631272E-6    3
  2.38736757E-9-8.43208359E-13   5.00213006E4   1.35888797E0                   4
H2O               L.5.89H   2O   1          G     200.0    6000.0  1000.0      1
    2.6770389E0   2.9731816E-3  -7.7376889E-7  9.4433514E-11 -4.2689991E-15    2
  -2.98862931E4   6.88211912E0   4.23947087E0 -2.38193734E-3  7.53145778E-6    3
 -6.70039089E-9  2.2780157E-12  -3.02973253E4  -1.01390268E0                   4
O2                RUS.89O   2               G     200.0    6000.0  1000.0      1
   3.66096065E0  6.56365811E-4 -1.41149627E-7 2.05797935E-11-1.29913436E-15    2
  -1.21473078E3   3.41670918E0   3.65493298E0 -1.91768034E-3  6.68974292E-6    3
 -5.89495614E-9 1.66341808E-12  -1.05270367E3   4.17261275E0                   4
N2                G.8.02N   2               G     200.0    6000.0  1000.0      1
   2.95257637E0   1.3969004E-3 -4.92631603E-7 7.86010195E-11-4.60755204E-15    2
   -9.2450184E2    5.8712901E0    3.5876004E0   -6.025471E-4  8.98331257E-7    3
 7.54921682E-10-7.07467604E-13  -1.05196456E3   2.73894037E0                   4
HO2               T.1.09H   1O   2          G     200.0    5000.0  1000.0      1
   4.17228741E0  1.88117627E-3 -3.46277286E-7 1.94657549E-11 1.76256905E-16    2
   3.51666066E1   2.96215519E0   3.87761522E0 -1.15984888E-3  1.06552565E-5    3
 -1.16818377E-8 4.03564321E-12   3.01405897E2   5.42950452E0                   4
AR                G.5.97AR  1               G     200.0    6000.0  1000.0      1
          2.5E0          0.0E0          0.0E0          0.0E0          0.0E0    2
     -7.45375E2   4.37967491E0          2.5E0 5.48006725E-16-1.59937425E-18    3
 1.86302021E-21-7.34579718E-25     -7.45375E2   4.37967491E0                   4
H2O2              T.8.03H   2O   2          G     200.0    6000.0  1000.0      1
   4.57977305E0  4.05326003E-3  -1.2984473E-6   1.982114E-10-1.13968792E-14    2
   -1.8002418E4  6.70111916E-1   3.82819116E0   3.2730804E-3  5.58298816E-6    3
 -8.21779307E-9 3.05493365E-12  -1.76638231E4   5.24006979E0                   4
C                 L.7.88C   1               G     200.0    6000.0  1000.0      1
     2.605583E0  -1.9593434E-4   1.0673722E-7  -1.642394E-11   8.187058E-16    2
   8.54120178E4   4.19268429E0   2.52601592E0  -8.2720769E-5  3.49594161E-8    3
 1.05759277E-10-8.32331977E-14   8.54451686E4   4.64527478E0                   4
CO                RUS.79C   1O   1          G     200.0    6000.0  1000.0      1
    3.0484859E0   1.3517281E-3  -4.8579405E-7  7.8853644E-11 -4.6980746E-15    2
  -1.42665653E4   6.01661349E0    3.6253968E0 -9.98431348E-4  2.15241879E-6    3
-4.54737308E-10-3.36071418E-13  -1.43481284E4   3.32321416E0                   4
CO2               L.7.88C   1O   2          G     200.0    6000.0  1000.0      1
    4.6365111E0   2.7414569E-3  -9.9589759E-7  1.6038666E-10 -9.1619857E-15    2
  -4.90227279E4   -1.9325451E0   2.13417064E0  1.08680437E-2 -1.26348269E-5    3
   9.0678466E-9-2.90193901E-12  -4.83523474E4   1.07999292E1                   4
CH3O2H            A.7.05C   1H   4O   2     G     200.0    6000.0  1000.0      1
   7.76538058E0  8.61499712E-3 -2.98006935E-6 4.68638071E-10-2.75339255E-14    2
  -1.82853463E4  -1.43855996E1   1.61093013E0  2.84528553E-2 -2.67696727E-5    3
  1.31520721E-8-2.60477228E-12   -1.6775368E4   1.66012797E1                   4
CH                IU3.03C   1H   1          G     200.0    6000.0  1000.0      1
    2.5209369E0   1.7653639E-3   -4.614766E-7  5.9289675E-11 -3.3474501E-15    2
   7.09455192E4   7.40383369E0   3.61755548E0 -7.57048805E-4  1.47436244E-6    3
-6.31624598E-10 1.77521913E-13    7.0601382E4   1.56824151E0                   4
HCO               T.5.03C   1H   1O   1     G     200.0    6000.0  1000.0      1
   3.92001542E0  2.52279324E-3 -6.71004164E-7 1.05615948E-10-7.43798261E-15    2
   3.65620804E3   3.58377218E0   3.95324294E0 -9.15088579E-4  6.96350118E-6    3
 -4.98265937E-9 8.50986287E-13   3.89747029E3   4.45635945E0                   4
HOCO              T05.06C   1H   1O   2     G     200.0    6000.0  1000.0      1
   5.39206152E0  4.11221455E-3   -1.481949E-6  2.3987546E-10-1.43903104E-14    2
  -2.38560532E4  -2.23030191E0   2.44953648E0  1.16230132E-2 -8.40161014E-6    3
  3.31690186E-9-7.40029211E-13  -2.29865026E4   1.32007071E1                   4
O2CHO             ...GMGC   1H   1O   3     G     100.0    5000.0  990.68      1
   8.52149873E0  4.09725978E-3 -1.65615801E-6  3.4481674E-10-2.71425236E-14    2
  -1.58532384E4  -1.75187359E1   3.11869559E0  1.45188198E-2 -1.85510494E-7    3
 -1.22529497E-8 6.08122891E-12  -1.42236638E4   1.13177848E1                   4
CHV               073003C   1H   1          G     300.0    5000.0  1000.0      1
     2.196223E0    2.340381E-3   -7.058201E-7   9.007582E-11   -3.85504E-15    2
    1.0435178E5   9.17836903E0   3.20018589E0  2.07300406E-3 -5.13478322E-6    3
  5.73428132E-9-1.95568337E-12   1.03937141E5   3.33165283E0                   4
CH2O              T.5.11C   1H   2O   1     G     200.0    6000.0  1000.0      1
   3.16952665E0   6.1932056E-3 -2.25056366E-6  3.6597566E-10-2.20149458E-14    2
  -1.45426663E4    6.0485783E0   4.17812597E0 -4.69938697E-3  2.20794268E-5    3
 -1.96506248E-8 5.54858833E-12  -1.43249367E4   3.08856771E0                   4
OCHO              ...GMGC   1H   1O   2     G     100.0    5000.0 1184.07      1
   5.09940708E0  5.91472062E-3 -2.80224366E-6 5.46640617E-10 -3.8773729E-14    2
  -1.70473493E4 -5.38965358E-1   3.51544794E0  1.12656128E-2 -9.58083872E-6    3
  4.36318806E-9-8.44584202E-13  -1.66722453E4   7.37034532E0                   4
HO2CHO            ...GMGC   1H   2O   3     G     100.0    5000.0 1220.23      1
   9.73196181E0   3.6291923E-3 -6.79504412E-7 5.58354251E-11-1.58409209E-15    2
  -3.81495349E4  -2.34874398E1    2.5217588E0  2.92763291E-2  -3.4679707E-5    3
  1.99826655E-8 -4.3609694E-12  -3.65396727E4   1.21190863E1                   4
CH2               IU3.03C   1H   2          G     200.0    6000.0  1000.0      1
   3.14631886E0  3.03671259E-3 -9.96474439E-7  1.5048358E-10-8.57335515E-15    2
   4.60431621E4   4.72547131E0   3.52301145E0  2.92026376E-3 -2.64412884E-6    3
  2.28836847E-9-7.59047619E-13   4.58895357E4   2.53863735E0                   4
HCOH              ...GMGC   1H   2O   1     G     100.0    5000.0 1078.92      1
    3.8842377E0  6.06193693E-3 -2.45379823E-6 5.04803274E-10-3.88421191E-14    2
    1.1390617E4   2.44359583E0   4.12051202E0 -5.26987035E-3  2.78370194E-5    3
  -2.7193984E-8  8.4605746E-12   1.19482025E4   4.10602468E0                   4
HOCHO             ...GMGC   1H   2O   2     G     100.0    5000.0  953.51      1
   4.73672427E0  9.28966738E-3  -4.2222434E-6 8.53099453E-10-6.34672476E-14    2
  -4.76751053E4 -5.02164006E-1   3.71243258E0 -9.65265062E-4  3.48023425E-5    3
 -4.24374264E-8  1.5483378E-11  -4.68182609E4   7.85951531E0                   4
HOCH2O2           ...GMGC   1H   3O   3     G     100.0    5000.0  1253.5      1
   8.21380633E0  9.49296107E-3 -3.89778294E-6 7.16891927E-10 -4.9419655E-14    2
  -2.30580731E4  -1.38316964E1   2.69193933E0  2.71134784E-2 -2.49832214E-5    3
  1.19309836E-8-2.28596049E-12  -2.16737317E4   1.40557659E1                   4
CH2(S)            IU6.03C   1H   2          G     200.0    6000.0  1000.0      1
   3.13501686E0  2.89593926E-3  -8.1666809E-7 1.13572697E-10-6.36262835E-15    2
   5.05055864E4   4.06196532E0   4.03616369E0 -1.00131275E-3  4.26564277E-6    3
  -1.9638803E-9-1.51153083E-14   5.03800757E4 -1.12167372E-1                   4
CH3O              IU1.03C   1H   3O   1     G     200.0    6000.0  1000.0      1
   4.75779238E0  7.44142474E-3 -2.69705176E-6 4.38090504E-10-2.63537098E-14    2
   3.90451676E2  -1.95347084E0    2.4492809E0  7.87836022E-3  6.39420697E-6    3
 -9.82118749E-9 3.01324155E-12   1.40697628E3   1.16704572E1                   4
CH3O2                   C   1H   3O   2     G     300.0    5000.0  1374.0      1
   6.47970487E0   7.4440108E-3 -2.52348555E-6 3.89577296E-10-2.25182399E-14    2
  -1.56126261E3   -8.1927953E0   1.91909036E0  1.57447578E-2 -7.28563045E-6    3
  1.16347941E-9 1.62772988E-14   2.59648358E2   1.71460636E1                   4
OCH2O2H           ...GMGC   1H   3O   3     G     100.0    5000.0  992.63      1
   8.67811639E0  8.95441938E-3 -3.55370311E-6   6.352483E-10-4.29520245E-14    2
  -1.40019914E4  -1.59280257E1   2.44713889E0  3.40634174E-2 -4.14968937E-5    3
  2.61185558E-8-6.46108943E-12   -1.2764982E4   1.40867379E1                   4
CH3               IU0702C   1H   3          G     200.0    6000.0  1000.0      1
    2.9781206E0    5.797852E-3    -1.97558E-6   3.072979E-10 -1.7917416E-14    2
   1.65117443E4   4.72489001E0   3.42887997E0  4.05838229E-3 -1.94455708E-7    3
 1.60420977E-10-3.63454443E-13   1.64428383E4   2.59540542E0                   4
CH2OH             IU2.03C   1H   3O   1     G     200.0    6000.0  1000.0      1
    5.0931437E0   5.9476126E-3  -2.0649746E-6 3.23008173E-10-1.88125902E-14    2
  -4.02569149E3  -1.83783569E0   3.61841875E0  5.92565109E-3  6.55621414E-6    3
  -1.0954585E-8 4.13427828E-12  -3.42493526E3   6.78149551E0                   4
CH2O2H                  C   1H   3O   2     G     300.0    5000.0  1410.0      1
   9.24697852E0  4.60845541E-3 -1.53501472E-6  2.3443483E-10-1.34573106E-14    2
    4.1168827E3  -2.11483917E1   2.84073964E0  2.12956207E-2 -1.83220005E-5    3
  8.00644402E-9-1.41385169E-12    6.1287855E3   1.25852162E1                   4
HOCH2O2H          ...GMGC   1H   4O   3     G     100.0    5000.0 1356.75      1
   1.08688594E1   8.5567409E-3 -3.22854013E-6  5.7201055E-10-3.87175899E-14    2
  -4.21674101E4  -2.92653703E1   2.22803743E0   3.4031822E-2 -3.13933848E-5    3
  1.44113903E-8 -2.5888173E-12   -3.9822725E4   1.50578406E1                   4
CH4               G.8.99C   1H   4          G     200.0    6000.0  1000.0      1
   1.65326226E0  1.00263099E-2 -3.31661238E-6 5.36483138E-10-3.14696758E-14    2
  -1.00025582E4   9.91266257E0   4.42928773E0 -7.57130227E-3  3.13220248E-5    3
 -2.70520566E-8 7.74001958E-12  -1.01831529E4  -1.73184085E0                   4
CH3OH             T06.02C   1H   4O   1     G     200.0    6000.0  1000.0      1
   3.52726795E0  1.03178783E-2 -3.62892944E-6 5.77448016E-10-3.42182632E-14    2
  -2.59897276E4   5.18179782E0   4.31249923E0 -4.90891226E-3  3.58657302E-5    3
 -3.58724247E-8 1.13625541E-11  -2.54933364E4   4.53783755E0                   4
HOCH2O            ...GMGC   1H   3O   2     G     100.0    5000.0  808.49      1
   5.98242964E0  9.13912404E-3 -3.68815642E-6 7.11550697E-10-5.22304979E-14    2
  -2.28444304E4  -4.91051473E0   3.11430292E0  5.24581058E-3  3.70855821E-5    3
  -6.0575017E-8  2.7453362E-11  -2.17896487E4   1.19718547E1                   4
END
